00005010001
00005010002
00005010005
00005010010
00005197049
00005197050
00005197101
00005197102
00005197104
00005197105
00005200001
00005200002
00005200010
00006404500
00006404501
00006404541
00006404701
00006404702
00006404720
00006404741
00006409301
00006409302
00006409309
00006409401
00006409402
00006409409
00006409501
00006409502
00006409509
00006409601
00006409602
00006409609
00006410901
00006410902
00006410909
00006411901
00006411902
00006411903
00006412101
00006412102
00006413301
00006413341
00006417100
00006417101
00006432901
00006432902
00006432903
00006468100
00006468101
00006473900
00006473901
00006482600
00006482601
00006482700
00006482701
00006483101
00006483141
00006483701
00006483702
00006483703
00006484100
00006484101
00006484141
00006489700
00006489701
00006489800
00006489801
00006494300
00006494301
00006496300
00006496301
00006496341
00006498000
00006498100
00006498101
00006499200
00006499201
00006499500
00006499501
00006499541
00006499900
00006499901
00052060301
00052060302
00310122210
00310122215
13533013100
13533013101
14362011103
14362011104
17478013100
17478013101
19515081641
19515081652
19515081841
19515081852
19515084501
19515084511
19515085041
19515085052
19515088902
19515088907
19515089002
19515089007
19515089101
19515089111
19515089302
19515089307
19515089441
19515089452
19515089501
19515089511
19515089601
19515089611
19515089701
19515089711
19515089801
19515089811
19515090001
19515090011
19515090141
19515090152
19515090301
19515090311
19515090641
19515090652
19515090841
19515090852
19515090941
19515090952
19515091241
19515091252
21695041301
33332001001
33332001301
33332001302
33332001401
33332001402
33332001501
33332001502
33332001601
33332001602
33332001701
33332001702
33332001801
33332001802
33332011010
33332011310
33332011311
33332011410
33332011411
33332011510
33332011511
33332011610
33332011611
33332011710
33332011711
33332011810
33332011811
33332021920
33332021921
33332022020
33332022021
33332022120
33332022121
33332031601
33332031602
33332031701
33332031702
33332031801
33332031802
33332031901
33332031902
33332032001
33332032002
33332032101
33332032102
33332041610
33332041611
33332041710
33332041711
33332041810
33332041811
33332041910
33332041911
33332042010
33332042011
33332042110
33332042111
33332051901
33332051925
33332062910
42515000100
42515000101
42515000201
42874001201
42874001210
42874001301
42874001310
42874001401
42874001410
42874001501
42874001510
42874001601
42874001610
42874001701
42874001710
42874011701
42874011710
43528000201
43528000205
43528000301
43528000305
46028011401
46028011402
46028011411
46028020801
46028021811
46028021911
49281001010
49281001025
49281001050
49281001110
49281001150
49281001210
49281001250
49281001310
49281001350
49281001358
49281001388
49281001450
49281001488
49281011125
49281011225
49281011300
49281011325
49281012065
49281012088
49281012165
49281012188
49281018100
49281018125
49281018200
49281018225
49281021510
49281021515
49281021558
49281021588
49281022510
49281022558
49281024658
49281024858
49281025051
49281025251
49281027810
49281028601
49281028605
49281028610
49281028658
49281029110
49281029183
49281029810
49281032050
49281032088
49281032150
49281032188
49281033615
49281033678
49281033715
49281033778
49281038615
49281038765
49281038815
49281038965
49281039015
49281039165
49281039215
49281039278
49281039365
49281039388
49281039415
49281039478
49281039565
49281039588
49281039615
49281039678
49281039765
49281039788
49281039965
49281039988
49281040005
49281040010
49281040015
49281040020
49281040058
49281040088
49281040089
49281040165
49281040188
49281040365
49281040388
49281040565
49281040588
49281041310
49281041350
49281041358
49281041388
49281041410
49281041450
49281041458
49281041488
49281041510
49281041558
49281041588
49281041610
49281041650
49281041658
49281041688
49281041710
49281041750
49281041758
49281041788
49281041810
49281041850
49281041858
49281041888
49281041910
49281041950
49281041958
49281041988
49281042010
49281042050
49281042058
49281042088
49281042110
49281042150
49281042158
49281042188
49281048758
49281048878
49281048901
49281048991
49281051005
49281051105
49281051300
49281051325
49281051400
49281051425
49281051600
49281051625
49281051700
49281051725
49281051800
49281051825
49281051900
49281051925
49281052000
49281052025
49281052100
49281052125
49281054458
49281054503
49281054505
49281054515
49281054758
49281054858
49281056005
49281056101
49281056210
49281056258
49281058905
49281058958
49281059005
49281059058
49281060501
49281060658
49281062115
49281062178
49281062515
49281062578
49281062715
49281062778
49281062915
49281062978
49281063115
49281063178
49281063315
49281063378
49281063515
49281063578
49281064015
49281065010
49281065025
49281065050
49281065070
49281065090
49281070355
49281070555
49281070748
49281070755
49281070840
49281070848
49281070948
49281070955
49281071040
49281071048
49281071240
49281071248
49281071810
49281071888
49281071910
49281071988
49281072010
49281072088
49281072110
49281072188
49281079020
49281079038
49281079051
49281079088
49281080083
49281082010
49281086010
49281086055
49281086078
49281086088
49281091301
49281091501
49281091505
49281091558
49281091568
50090150200
50090150209
50090169300
50090169309
50090288300
50090288309
50090309600
50090346900
50090346909
50090514700
50632001001
50632001301
51285013850
51285017402
51285017502
54868073400
54868098000
54868221900
54868221901
54868333901
54868333909
54868432000
54868432009
54868617700
54868618000
55045384101
58160080111
58160080202
58160080401
58160080601
58160080605
58160080815
58160080901
58160080905
58160081001
58160081011
58160081043
58160081052
58160081141
58160081143
58160081151
58160081152
58160081201
58160081211
58160081243
58160081252
58160081501
58160081505
58160081511
58160081534
58160081541
58160081543
58160081546
58160081548
58160081552
58160081601
58160081605
58160081811
58160081912
58160082001
58160082011
58160082043
58160082052
58160082101
58160082105
58160082111
58160082134
58160082143
58160082152
58160082311
58160082501
58160082511
58160082543
58160082552
58160082601
58160082605
58160082611
58160082634
58160082643
58160082652
58160082801
58160082803
58160083005
58160083034
58160083043
58160083052
58160084201
58160084205
58160084211
58160084234
58160084241
58160084243
58160084251
58160084252
58160085101
58160085452
58160087941
58160087952
58160088041
58160088052
58160088141
58160088152
58160088341
58160088352
58160088541
58160088552
58160088741
58160088752
58160089641
58160089652
58160089841
58160089852
58160090041
58160090052
58160090141
58160090152
58160090341
58160090352
58160090541
58160090552
58160090741
58160090752
58160095509
58160095801
58160095901
58160096412
58160096601
58160096612
58160097602
58160097606
58160097620
59267007801
59267007802
59267007804
59267100001
59267100002
59267100003
59267100003
59267102501
59267102502
59267102503
59267102504
59267105501
59267105502
59267105504
59676058005
59676058005
59676058015
59676058015
62195005101
62195005110
62577061301
62577061311
62577061401
62577061411
63361024310
63361024315
63361024358
63361024388
63361024510
63361024558
63851050101
63851050102
63851051111
63851061201
63851061211
63851061301
63851061311
64678021101
64678021105
66019010701
66019010801
66019010810
66019010901
66019010910
66019011001
66019011010
66019020001
66019020010
66019030001
66019030010
66019030101
66019030110
66019030201
66019030210
66019030301
66019030310
66019030401
66019030410
66019030501
66019030510
66019030601
66019030610
66019030701
66019030710
66019030801
66019030810
66521000001
66521000011
66521011202
66521011210
66521011302
66521011310
66521011402
66521011410
66521011502
66521011510
66521011602
66521011610
66521011611
66521011612
66521011702
66521011710
66521011711
66521011712
66521011802
66521011810
66521011811
66521011812
66521020002
66521020010
69401000001
69401000002
70460000101
70460000202
70460000401
70461000101
70461000111
70461000201
70461000211
70461001803
70461001804
70461001903
70461001904
70461002003
70461002004
70461011902
70461011910
70461011911
70461011912
70461012002
70461012003
70461012004
70461012010
70461012011
70461012012
70461012103
70461012104
70461020001
70461020011
70461020101
70461020111
70461030110
70461030112
70461031804
70461031903
70461031904
70461032003
70461032004
70461032103
70461032104
70461041810
70461041811
70461041910
70461041911
70461042010
70461042011
70461042110
70461042111
76420048201
76420048301
80631010001
80631010010
80777027310
80777027315
80777027398
80777027399
